F=
5.87267e+13  
Pall=
200  
Zmax=
5310.26480945  
Umean=
  1.71553644  
UMAp=
  1.92627404  
yeta=
  0.89059833
bwx=
  1.75000000  
bwy=
  1.25000000  
bwzx=
 12.00000000  
XPos=
0.000000  
YPos=
-1.000000
ZxPos=
108.000000  
UA=
  0.15278235
  0.00000000
  0.00000000
  0.00000000
  0.15278235
  0.15249458
  0.15249458
  0.15249458
  0.00000000
  0.00000000
  0.00000000
  0.15249458
  0.15249458
  0.15249458
  0.15221966
  0.15221966
  0.15221966
  0.15221966
  0.15221966
  0.15221966
  0.15221966
  0.15221966
  0.15221966
  0.15221966
  0.15221966
  0.15221966
  0.15221966
  0.15193349
  0.15193349
  0.15193349
  0.15193349
  0.15193349
  0.15193349
  0.15193349
  0.15193349
  0.15193349
  0.15193349
  0.15193349
  0.15193349
  0.15193349
  0.15193349
  0.15193349
  0.15160775
  0.15160775
  0.15160775
  0.15160775
  0.15160775
  0.15160775
  0.15160775
  0.15160775
  0.15160775
  0.15160775
  0.15160775
  0.15160775
  0.15160775
  0.15160775
  0.15160775
  0.15160775
  0.15160775
  0.15119697
  0.15119697
  0.15119697
  0.15119697
  0.15119697
  0.15119697
  0.15119697
  0.15119697
  0.15119697
  0.15119697
  0.15119697
  0.15119697
  0.15119697
  0.15119697
  0.15119697
  0.15119697
  0.15119697
  0.15060639
  0.15060639
  0.15060639
  0.15060639
  0.15060639
  0.15060639
  0.15060639
  0.15060639
  0.15060639
  0.15060639
  0.15060639
  0.15060639
  0.15060639
  0.15060639
  0.15060639
  0.15060639
  0.15060639
  0.14957528
  0.14957528
  0.14957528
  0.14957528
  0.14957528
  0.14957528
  0.14957528
  0.14957528
  0.14957528
  0.14957528
  0.14957528
  0.14957528
  0.14957528
  0.14957528
  0.00000000
  0.14697270
  0.14697270
  0.14697270
  0.14697270
  0.14697270
  0.14697270
  0.14697270
  0.14697270
  0.14697270
  0.14697270
  0.14697270
  0.14697270
  0.14697270
  0.11736891
  0.11736891
  0.11736891
  0.11736891
  0.00000000
  0.00000000
  0.00000000
  0.11736891
  0.11736891
  0.11736891
  0.11736891
  0.11736891
  0.11736891
  0.11736891
  0.16026121
  0.16026120
  0.16026120
  0.16026120
  0.16026120
  0.16026120
  0.16026120
  0.16026120
  0.16026120
  0.16026120
  0.16026120
  0.16026120
  0.16026120
  0.16026121
  0.15576562
  0.15576562
  0.15576562
  0.15576562
  0.15576562
  0.15576562
  0.15576562
  0.15576562
  0.15576562
  0.15576562
  0.15576562
  0.15576562
  0.15576562
  0.15576562
  0.15439616
  0.15439616
  0.15439616
  0.15439616
  0.15439616
  0.15439616
  0.15439616
  0.15439616
  0.15439616
  0.15439616
  0.15439616
  0.15439616
  0.15439616
  0.15439616
  0.15439616
  0.15439616
  0.15439616
  0.15368976
  0.15368976
  0.15368976
  0.15368976
  0.15368976
  0.15368976
  0.15368976
  0.15368976
  0.15368976
  0.15368976
  0.15368976
  0.15368976
  0.15368976
  0.15368976
  0.15368976
  0.15368976
  0.15368976
  0.15322783
  0.15322783
  0.15322783
  0.15322783
  0.15322783
  0.15322783
  0.15322783
  0.15322783
  0.15322783
  0.15322783
  0.15322783
  0.15322783
  0.15322783
  0.15322783
  0.15322783
  0.15322783
  0.15322783
  0.15287737
  0.15287737
  0.15287737
  0.15287737
  0.15287737
  0.15287737
  0.15287737
  0.15287737
  0.15287737
  0.15287737
  0.15287737
  0.15287737
  0.15287737
  0.15287737
  0.15287737
  0.15258034
  0.15258034
  0.15258034
  0.15258034
  0.15258034
  0.15258034
  0.15258034
  0.15258034
  0.15258034
  0.15258034
  0.15258034
  0.15258034
  0.15258034
  0.15230408
  0.15230408
  0.15230408
  0.15230408
  0.15230408
  0.15230408
  0.15230408
  0.15230408
  0.15230408
  0.15202400
  0.15202400
  0.15202400
  0.15202400
  0.15202400
UPH=
  0.18653892
  0.00000000
  0.00000000
  0.00000000
  0.18653892
  0.18499162
  0.18499137
  0.18499118
  0.00000000
  0.00000000
  0.00000000
  0.18499118
  0.18499137
  0.18499162
  0.18372708
  0.18372742
  0.18372773
  0.18372799
  0.18372819
  0.18372832
  0.18372836
  0.18372832
  0.18372819
  0.18372799
  0.18372773
  0.18372742
  0.18372708
  0.18268875
  0.18268982
  0.18269084
  0.18269176
  0.18269254
  0.18269313
  0.18269350
  0.18269362
  0.18269350
  0.18269313
  0.18269254
  0.18269176
  0.18269084
  0.18268982
  0.18268875
  0.18184211
  0.18184389
  0.18184565
  0.18184733
  0.18184884
  0.18185012
  0.18185110
  0.18185171
  0.18185192
  0.18185171
  0.18185110
  0.18185012
  0.18184884
  0.18184733
  0.18184565
  0.18184389
  0.18184211
  0.18116690
  0.18116930
  0.18117169
  0.18117396
  0.18117603
  0.18117778
  0.18117911
  0.18117995
  0.18118023
  0.18117995
  0.18117911
  0.18117778
  0.18117603
  0.18117396
  0.18117169
  0.18116930
  0.18116690
  0.18064550
  0.18064841
  0.18065131
  0.18065409
  0.18065662
  0.18065877
  0.18066041
  0.18066144
  0.18066179
  0.18066144
  0.18066041
  0.18065877
  0.18065662
  0.18065409
  0.18065131
  0.18064841
  0.18064550
  0.18025900
  0.18026217
  0.18026544
  0.18026869
  0.18027181
  0.18027466
  0.18027708
  0.18027708
  0.18027466
  0.18027181
  0.18026869
  0.18026544
  0.18026217
  0.18025900
  0.00000000
  0.17998270
  0.17998601
  0.17998931
  0.17999248
  0.17999538
  0.17999785
  0.17999785
  0.17999538
  0.17999248
  0.17998931
  0.17998601
  0.17998270
  0.17997948
  0.17898829
  0.17898829
  0.17898829
  0.17898829
  0.00000000
  0.00000000
  0.00000000
  0.17898829
  0.17898829
  0.17898829
  0.17898829
  0.17898829
  0.17898829
  0.17898829
 -2.96132861
 -2.96132429
 -2.96131983
 -2.96131539
 -2.96131112
 -2.96130723
 -2.96130391
 -2.96130391
 -2.96130723
 -2.96131112
 -2.96131539
 -2.96131983
 -2.96132429
 -2.96132861
 -2.96122461
 -2.96122088
 -2.96121705
 -2.96121323
 -2.96120956
 -2.96120622
 -2.96120337
 -2.96120337
 -2.96120622
 -2.96120956
 -2.96121323
 -2.96121705
 -2.96122088
 -2.96122461
 -2.96091015
 -2.96090684
 -2.96090356
 -2.96090041
 -2.96089755
 -2.96089511
 -2.96089326
 -2.96089209
 -2.96089169
 -2.96089209
 -2.96089326
 -2.96089511
 -2.96089755
 -2.96090041
 -2.96090356
 -2.96090684
 -2.96091015
 -2.96043815
 -2.96043545
 -2.96043277
 -2.96043021
 -2.96042789
 -2.96042592
 -2.96042441
 -2.96042347
 -2.96042315
 -2.96042347
 -2.96042441
 -2.96042592
 -2.96042789
 -2.96043021
 -2.96043277
 -2.96043545
 -2.96043815
 -2.95980567
 -2.95980363
 -2.95980162
 -2.95979971
 -2.95979798
 -2.95979652
 -2.95979540
 -2.95979471
 -2.95979447
 -2.95979471
 -2.95979540
 -2.95979652
 -2.95979798
 -2.95979971
 -2.95980162
 -2.95980363
 -2.95980567
 -2.95900163
 -2.95900033
 -2.95899910
 -2.95899799
 -2.95899706
 -2.95899635
 -2.95899590
 -2.95899575
 -2.95899590
 -2.95899635
 -2.95899706
 -2.95899799
 -2.95899910
 -2.95900033
 -2.95900163
 -2.95801092
 -2.95801037
 -2.95800989
 -2.95800948
 -2.95800917
 -2.95800897
 -2.95800891
 -2.95800897
 -2.95800917
 -2.95800948
 -2.95800989
 -2.95801037
 -2.95801092
 -2.95680446
 -2.95680456
 -2.95680464
 -2.95680469
 -2.95680470
 -2.95680469
 -2.95680464
 -2.95680456
 -2.95680446
 -2.95533483
 -2.95533511
 -2.95533521
 -2.95533511
 -2.95533483
Pany=
  0.91411050
  0.91411050
  0.89688084
  0.87858963
  0.86619052
  0.86619052
  0.87858963
  0.89688084
  0.90738972
  0.87795995
  0.85590448
  0.83985650
  0.82893202
  0.82257884
  0.82049341
  0.82257884
  0.82893202
  0.83985650
  0.85590448
  0.87795995
  0.90738972
  0.90398124
  0.86963224
  0.84344245
  0.82369219
  0.80925652
  0.79939869
  0.79365442
  0.79176706
  0.79365442
  0.79939869
  0.80925652
  0.82369219
  0.84344245
  0.86963224
  0.90398124
  0.91147867
  0.87091557
  0.83982973
  0.81597883
  0.79790901
  0.78465705
  0.77558625
  0.77029270
  0.76855215
  0.77029270
  0.77558625
  0.78465705
  0.79790901
  0.81597883
  0.83982973
  0.87091557
  0.91147867
  0.88168225
  0.84444229
  0.81572555
  0.79359092
  0.77676411
  0.76439295
  0.75591022
  0.75095434
  0.74932395
  0.75095434
  0.75591022
  0.76439295
  0.77676411
  0.79359092
  0.81572555
  0.84444229
  0.88168225
  0.85696693
  0.82214876
  0.79518095
  0.77432602
  0.75843316
  0.74672764
  0.73869118
  0.73399225
  0.73244577
  0.73399225
  0.73869118
  0.74672764
  0.75843316
  0.77432602
  0.79518095
  0.82214876
  0.85696693
  0.87613688
  0.83334388
  0.80038155
  0.77477576
  0.75493038
  0.73978189
  0.72861104
  0.72861104
  0.73978189
  0.75493038
  0.77477576
  0.80038155
  0.83334388
  0.87613688
  0.79791596
  0.76684819
  0.74267319
  0.72391287
  0.70957895
  0.69900136
  0.69900136
  0.70957895
  0.72391287
  0.74267319
  0.76684819
  0.79791596
  0.83815726
  0.53289443
  0.50745360
  0.48779771
  0.47249424
  0.44483076
  0.45153310
  0.46061348
  0.47249424
  0.48779771
  0.50745360
  0.53289443
  0.99657268
  0.94872559
  0.91178587
  0.88304168
  0.86073557
  0.84369247
  0.83111567
  0.83111567
  0.84369247
  0.86073557
  0.88304168
  0.91178587
  0.94872559
  0.99657268
  0.95015741
  0.90374904
  0.86800188
  0.84023278
  0.81871076
  0.80228244
  0.79016782
  0.79016782
  0.80228244
  0.81871076
  0.84023278
  0.86800188
  0.90374904
  0.95015741
  0.90063795
  0.86404544
  0.83570335
  0.81378565
  0.79708289
  0.78478085
  0.77633485
  0.77139646
  0.76977118
  0.77139646
  0.77633485
  0.78478085
  0.79708289
  0.81378565
  0.83570335
  0.86404544
  0.90063795
  0.91099463
  0.87251660
  0.84284514
  0.81997462
  0.80258838
  0.78980593
  0.78104118
  0.77592054
  0.77423594
  0.77592054
  0.78104118
  0.78980593
  0.80258838
  0.81997462
  0.84284514
  0.87251660
  0.91099463
  0.93106287
  0.88962822
  0.85787446
  0.83351109
  0.81505302
  0.80151633
  0.79225063
  0.78684334
  0.78506540
  0.78684334
  0.79225063
  0.80151633
  0.81505302
  0.83351109
  0.85787446
  0.88962822
  0.93106287
  0.91524796
  0.88047085
  0.85395464
  0.83395823
  0.81934264
  0.80936194
  0.80354608
  0.80163519
  0.80354608
  0.80936194
  0.81934264
  0.83395823
  0.85395464
  0.88047085
  0.91524796
  0.91169498
  0.88212557
  0.85996545
  0.84384133
  0.83286501
  0.82648169
  0.82438637
  0.82648169
  0.83286501
  0.84384133
  0.85996545
  0.88212557
  0.91169498
  0.89464150
  0.87639596
  0.86402780
  0.85685415
  0.85450243
  0.85685415
  0.86402780
  0.87639596
  0.89464150
  0.90505848
  0.89676052
  0.89404497
  0.89676052
  0.90505848
