F=
6.09462e+13  
Pall=
200  
Zmax=
5308.94112264  
Umean=
  1.71349625  
UMAp=
  2.03251693  
yeta=
  0.84304156
bwx=
  1.25000000  
bwy=
  1.75000000  
bwzx=
  9.00000000  
XPos=
-1.000000  
YPos=
0.000000
ZxPos=
110.000000  
UA=
  0.15863926
  0.00000000
  0.00000000
  0.00000000
  0.14953550
  0.15570520
  0.15671648
  0.15863926
  0.00000000
  0.00000000
  0.00000000
  0.14953550
  0.15112815
  0.15202602
  0.15452531
  0.15503655
  0.15570520
  0.15671648
  0.15863926
  0.16462146
  0.07596217
  0.14536805
  0.14953550
  0.15112815
  0.15202602
  0.15264453
  0.15313151
  0.15408933
  0.15452531
  0.15503655
  0.15570520
  0.15671648
  0.15863926
  0.16462146
  0.07596217
  0.14536805
  0.14953550
  0.15112815
  0.15202602
  0.15264453
  0.15313151
  0.15355683
  0.15368160
  0.15408933
  0.15452531
  0.15503655
  0.15570520
  0.15671648
  0.15863926
  0.16462146
  0.07596217
  0.14536805
  0.14953550
  0.15112815
  0.15202602
  0.15264453
  0.15313151
  0.15355683
  0.15396325
  0.15368160
  0.15408933
  0.15452531
  0.15503655
  0.15570520
  0.15671648
  0.15863926
  0.16462146
  0.07596217
  0.14536805
  0.14953550
  0.15112815
  0.15202602
  0.15264453
  0.15313151
  0.15355683
  0.15396325
  0.15368160
  0.15408933
  0.15452531
  0.15503655
  0.15570520
  0.15671648
  0.15863926
  0.16462146
  0.07596217
  0.14536805
  0.14953550
  0.15112815
  0.15202602
  0.15264453
  0.15313151
  0.15355683
  0.15396325
  0.15326600
  0.15368160
  0.15408933
  0.15452531
  0.15503655
  0.15570520
  0.15671648
  0.15112815
  0.15202602
  0.15264453
  0.15313151
  0.15355683
  0.15396325
  0.15438640
  0.00000000
  0.15368160
  0.15408933
  0.15452531
  0.15503655
  0.15570520
  0.15671648
  0.15112815
  0.15202602
  0.15264453
  0.15313151
  0.15355683
  0.15396325
  0.15438640
  0.15326600
  0.15368160
  0.15408933
  0.15452531
  0.00000000
  0.00000000
  0.00000000
  0.15112815
  0.15202602
  0.15264453
  0.15313151
  0.15355683
  0.15396325
  0.15438640
  0.15326600
  0.15368160
  0.15408933
  0.15452531
  0.15503655
  0.15570520
  0.15671648
  0.15112815
  0.15202602
  0.15264453
  0.15313151
  0.15355683
  0.15396325
  0.15438640
  0.15326600
  0.15368160
  0.15408933
  0.15452531
  0.15503655
  0.15570520
  0.15671648
  0.15112815
  0.15202602
  0.15264453
  0.15313151
  0.15355683
  0.15396325
  0.15438640
  0.15368160
  0.15408933
  0.15452531
  0.15503655
  0.15570520
  0.15671648
  0.15863926
  0.16462146
  0.07596217
  0.14536805
  0.14953550
  0.15112815
  0.15202602
  0.15264453
  0.15313151
  0.15355683
  0.15396325
  0.15368160
  0.15408933
  0.15452531
  0.15503655
  0.15570520
  0.15671648
  0.15863926
  0.16462146
  0.07596217
  0.14536805
  0.14953550
  0.15112815
  0.15202602
  0.15264453
  0.15313151
  0.15355683
  0.15396325
  0.15368160
  0.15408933
  0.15452531
  0.15503655
  0.15570520
  0.15671648
  0.15863926
  0.16462146
  0.07596217
  0.14536805
  0.14953550
  0.15112815
  0.15202602
  0.15264453
  0.15313151
  0.15355683
  0.15396325
  0.15408933
  0.15452531
  0.15503655
  0.15570520
  0.15671648
  0.15863926
  0.16462146
  0.07596217
  0.14536805
  0.14953550
  0.15112815
  0.15202602
  0.15264453
  0.15313151
  0.15355683
  0.15452531
  0.15503655
  0.15570520
  0.15671648
  0.15863926
  0.16462146
  0.07596217
  0.14536805
  0.14953550
  0.15112815
  0.15202602
  0.15264453
  0.15313151
  0.15570520
  0.15671648
  0.15863926
  0.16462146
  0.07596217
  0.14536805
  0.14953550
  0.15112815
  0.15202602
  0.15863926
  0.16462146
  0.07596217
  0.14536805
  0.14953550
UPH=
 -1.82005494
  0.00000000
  0.00000000
  0.00000000
  1.32163633
 -1.81918554
 -1.81968814
 -1.82005138
  0.00000000
  0.00000000
  0.00000000
  1.32163965
  1.32197786
  1.32247108
 -1.81770574
 -1.81852811
 -1.81918292
 -1.81968495
 -1.82004773
 -1.82030219
  1.32278275
  1.32147403
  1.32164306
  1.32198088
  1.32247357
  1.32312608
  1.32395079
 -1.81669463
 -1.81770451
 -1.81852617
 -1.81918033
 -1.81968178
 -1.82004408
 -1.82029814
  1.32278275
  1.32147760
  1.32164646
  1.32198388
  1.32247603
  1.32312791
  1.32395193
  1.32496845
 -1.81546524
 -1.81669414
 -1.81770334
 -1.81852433
 -1.81917786
 -1.81967875
 -1.82004059
 -1.82029425
  1.32278275
  1.32148103
  1.32164972
  1.32198676
  1.32247839
  1.32312965
  1.32395301
  1.32496885
  1.32620967
 -1.81546541
 -1.81669371
 -1.81770228
 -1.81852266
 -1.81917561
 -1.81967599
 -1.82003740
 -1.82029070
  1.32278275
  1.32148416
  1.32165270
  1.32198938
  1.32248052
  1.32313123
  1.32395399
  1.32496922
  1.32620942
 -1.81546556
 -1.81669334
 -1.81770139
 -1.81852125
 -1.81917371
 -1.81967364
 -1.82003469
 -1.82028768
  1.32278275
  1.32148682
  1.32165523
  1.32199160
  1.32248233
  1.32313256
  1.32395481
  1.32496952
  1.32620922
 -1.81396762
 -1.81546567
 -1.81669306
 -1.81770072
 -1.81852018
 -1.81917225
 -1.81967185
  1.32199330
  1.32248371
  1.32313358
  1.32395543
  1.32496975
  1.32620906
  1.32772693
  0.00000000
 -1.81546574
 -1.81669289
 -1.81770029
 -1.81851951
 -1.81917134
 -1.81967072
  1.32199437
  1.32248458
  1.32313421
  1.32395582
  1.32496989
  1.32620897
  1.32772660
 -1.81396802
 -1.81546576
 -1.81669283
 -1.81770015
  0.00000000
  0.00000000
  0.00000000
  1.32199473
  1.32248488
  1.32313443
  1.32395595
  1.32496994
  1.32620893
  1.32772649
 -1.81396792
 -1.81546574
 -1.81669289
 -1.81770029
 -1.81851951
 -1.81917134
 -1.81967072
  1.32199437
  1.32248458
  1.32313421
  1.32395582
  1.32496989
  1.32620897
  1.32772660
 -1.81396762
 -1.81546567
 -1.81669306
 -1.81770072
 -1.81852018
 -1.81917225
 -1.81967185
  1.32199330
  1.32248371
  1.32313358
  1.32395543
  1.32496975
  1.32620906
  1.32772693
 -1.81546556
 -1.81669334
 -1.81770139
 -1.81852125
 -1.81917371
 -1.81967364
 -1.82003469
 -1.82028768
  1.32278275
  1.32148682
  1.32165523
  1.32199160
  1.32248233
  1.32313256
  1.32395481
  1.32496952
  1.32620922
 -1.81546541
 -1.81669371
 -1.81770228
 -1.81852266
 -1.81917561
 -1.81967599
 -1.82003740
 -1.82029070
  1.32278275
  1.32148416
  1.32165270
  1.32198938
  1.32248052
  1.32313123
  1.32395399
  1.32496922
  1.32620942
 -1.81546524
 -1.81669414
 -1.81770334
 -1.81852433
 -1.81917786
 -1.81967875
 -1.82004059
 -1.82029425
  1.32278275
  1.32148103
  1.32164972
  1.32198676
  1.32247839
  1.32312965
  1.32395301
  1.32496885
  1.32620967
 -1.81669463
 -1.81770451
 -1.81852617
 -1.81918033
 -1.81968178
 -1.82004408
 -1.82029814
  1.32278275
  1.32147760
  1.32164646
  1.32198388
  1.32247603
  1.32312791
  1.32395193
  1.32496845
 -1.81770574
 -1.81852811
 -1.81918292
 -1.81968495
 -1.82004773
 -1.82030219
  1.32278275
  1.32147403
  1.32164306
  1.32198088
  1.32247357
  1.32312608
  1.32395079
 -1.81918554
 -1.81968814
 -1.82005138
 -1.82030624
  1.32278275
  1.32147046
  1.32163965
  1.32197786
  1.32247108
 -1.82005494
 -1.82031018
  1.32278275
  1.32146698
  1.32163633
Pany=
  0.98553864
  0.87567095
  0.93504427
  0.92791165
  0.93740215
  0.83290071
  0.86291493
  0.89137778
  0.93508610
  0.91075468
  0.89555044
  0.89021103
  0.90032387
  0.96207505
  0.20432820
  0.75019465
  0.79995591
  0.82785510
  0.85372831
  0.88286787
  0.91829351
  0.92981712
  0.89955520
  0.87824685
  0.86509568
  0.86101066
  0.87152073
  0.93174550
  0.19791790
  0.72654465
  0.77436373
  0.80070010
  0.82469577
  0.85135541
  0.88340068
  0.92340166
  0.93658550
  0.89965995
  0.87246425
  0.85330492
  0.84162140
  0.83842924
  0.84919730
  0.90820911
  0.19294130
  0.70819174
  0.75452891
  0.77970042
  0.80231774
  0.82717718
  0.85679624
  0.89345256
  0.94002161
  0.91089788
  0.87705935
  0.85203441
  0.83440851
  0.82377618
  0.82122068
  0.83215723
  0.89022602
  0.18913772
  0.69416911
  0.73938846
  0.76369726
  0.78530589
  0.80885937
  0.83673329
  0.87100790
  0.91423974
  0.89232080
  0.86061472
  0.83710202
  0.82055036
  0.81065627
  0.80854611
  0.81959150
  0.87695555
  0.18633025
  0.68382123
  0.72822356
  0.75191048
  0.77279868
  0.79542555
  0.82206906
  0.85467674
  0.89559450
  0.91990713
  0.87972791
  0.84942022
  0.82690500
  0.81106463
  0.80166014
  0.79984434
  0.74381825
  0.76422267
  0.78623026
  0.81205516
  0.84355947
  0.88295541
  0.93340564
  0.87242390
  0.84291001
  0.82096308
  0.80552892
  0.79640432
  0.79475641
  0.73908670
  0.75921230
  0.78086406
  0.80621995
  0.83709418
  0.87562461
  0.92484778
  0.90871293
  0.87002945
  0.84077304
  0.81901077
  0.73752949
  0.75756397
  0.77909963
  0.80430270
  0.83497196
  0.87322138
  0.92204718
  0.91147303
  0.87242390
  0.84291001
  0.82096308
  0.80552892
  0.79640432
  0.79475641
  0.73908670
  0.75921230
  0.78086406
  0.80621995
  0.83709418
  0.87562461
  0.92484778
  0.91990713
  0.87972791
  0.84942022
  0.82690500
  0.81106463
  0.80166014
  0.79984434
  0.74381825
  0.76422267
  0.78623026
  0.81205516
  0.84355947
  0.88295541
  0.93340564
  0.89232080
  0.86061472
  0.83710202
  0.82055036
  0.81065627
  0.80854611
  0.81959150
  0.87695555
  0.18633025
  0.68382123
  0.72822356
  0.75191048
  0.77279868
  0.79542555
  0.82206906
  0.85467674
  0.89559450
  0.91089788
  0.87705935
  0.85203441
  0.83440851
  0.82377618
  0.82122068
  0.83215723
  0.89022602
  0.18913772
  0.69416911
  0.73938846
  0.76369726
  0.78530589
  0.80885937
  0.83673329
  0.87100790
  0.91423974
  0.93658550
  0.89965995
  0.87246425
  0.85330492
  0.84162140
  0.83842924
  0.84919730
  0.90820911
  0.19294130
  0.70819174
  0.75452891
  0.77970042
  0.80231774
  0.82717718
  0.85679624
  0.89345256
  0.94002161
  0.92981712
  0.89955520
  0.87824685
  0.86509568
  0.86101066
  0.87152073
  0.93174550
  0.19791790
  0.72654465
  0.77436373
  0.80070010
  0.82469577
  0.85135541
  0.88340068
  0.92340166
  0.93508610
  0.91075468
  0.89555044
  0.89021103
  0.90032387
  0.96207505
  0.20432820
  0.75019465
  0.79995591
  0.82785510
  0.85372831
  0.88286787
  0.91829351
  0.93504427
  0.92791165
  0.93740215
  1.00105215
  0.21256164
  0.78058773
  0.83290071
  0.86291493
  0.89137778
  0.98553864
  1.05153821
  0.22321827
  0.81995512
  0.87567095
