F=
6.86912e+13  
Pall=
200  
Zmax=
2372.84355046  
Umean=
  1.71577653  
UMAp=
  1.89907264  
yeta=
  0.90348125
bwx=
  1.25000000  
bwy=
  1.75000000  
bwzx=
  9.00000000  
XPos=
1.250000  
YPos=
0.000000
ZxPos=
110.000000  
UA=
  0.15330868
  0.00000000
  0.00000000
  0.00000000
  0.15263371
  0.15450335
  0.15383181
  0.15339687
  0.00000000
  0.00000000
  0.00000000
  0.15272704
  0.15275262
  0.15289954
  0.15892837
  0.15626857
  0.15477565
  0.15395268
  0.15345463
  0.15313282
  0.15292041
  0.15278840
  0.15273087
  0.15276439
  0.15294189
  0.15338957
  0.15427090
  0.13991497
  0.04376311
  0.15877109
  0.15538870
  0.15412332
  0.15347835
  0.15309452
  0.15284919
  0.15269490
  0.15261963
  0.15264267
  0.15284214
  0.15345741
  0.15049550
  0.13814832
  0.15008086
  0.14932484
  0.14720772
  0.11805229
  0.15767906
  0.15443298
  0.15343194
  0.15293359
  0.15262967
  0.15242537
  0.15228837
  0.15222274
  0.15230265
  0.14985188
  0.14964854
  0.15037580
  0.15026256
  0.15155130
  0.15124290
  0.15078883
  0.14979320
  0.14232860
  0.15531736
  0.15310952
  0.15244181
  0.15205160
  0.15172232
  0.15132524
  0.15050596
  0.13153685
  0.15336140
  0.15238005
  0.15197585
  0.15168489
  0.15218814
  0.15200725
  0.15183981
  0.15165701
  0.15134842
  0.14809988
  0.14895273
  0.15043048
  0.15018686
  0.14937312
  0.14661345
  0.11412923
  0.15538220
  0.15363398
  0.15294612
  0.15255818
  0.15229187
  0.15271216
  0.15252554
  0.15239560
  0.15231652
  0.15229978
  0.15238315
  0.15260757
  0.15680106
  0.15472402
  0.15374539
  0.15319896
  0.15285211
  0.15261294
  0.15244076
  0.00000000
  0.15271907
  0.15261164
  0.15256762
  0.15260566
  0.15277576
  0.15317964
  0.15596552
  0.15463082
  0.15384219
  0.15335013
  0.15302356
  0.15279856
  0.15264463
  0.15299378
  0.15282509
  0.15272545
  0.15269609
  0.00000000
  0.00000000
  0.00000000
  0.15599147
  0.15472614
  0.15394972
  0.15345605
  0.15312713
  0.15290275
  0.15275396
  0.15303953
  0.15286123
  0.15275822
  0.15273167
  0.15280716
  0.15305338
  0.15362438
  0.15664362
  0.15500484
  0.15408968
  0.15353743
  0.15318083
  0.15294265
  0.15278761
  0.15302239
  0.15281932
  0.15269947
  0.15266147
  0.15273717
  0.15302826
  0.15381493
  0.15912564
  0.15567507
  0.15430550
  0.15360110
  0.15318125
  0.15291120
  0.15273645
  0.15265397
  0.15249196
  0.15240621
  0.15242781
  0.15271224
  0.15053271
  0.14780062
  0.14940915
  0.14934169
  0.14855900
  0.14597931
  0.10068327
  0.15817282
  0.15473486
  0.15363859
  0.15309401
  0.15276645
  0.15222033
  0.15194480
  0.15165209
  0.15115107
  0.14355119
  0.15255700
  0.15193099
  0.15161647
  0.15133528
  0.15099510
  0.15045843
  0.14921298
  0.13905237
  0.15624501
  0.15356657
  0.15278631
  0.15237128
  0.15095196
  0.15021999
  0.14818658
  0.08003083
  0.15485391
  0.15331267
  0.15271478
  0.15236830
  0.15211857
  0.15190659
  0.15169499
  0.15143228
  0.15093703
  0.14698623
  0.15166287
  0.15152791
  0.15116973
  0.13790013
  0.14098375
  0.15633139
  0.15439911
  0.15353051
  0.15304510
  0.15273363
  0.15251601
  0.15235737
  0.15224361
  0.15217474
  0.15216564
  0.15220964
  0.14960491
  0.13195780
  0.15727103
  0.15551133
  0.15434921
  0.15366415
  0.15323194
  0.15294245
  0.15274284
  0.15260874
  0.15253340
  0.15252641
  0.15262103
  0.15288770
  0.15333203
  0.15442708
  0.15377862
  0.15335523
  0.15306902
  0.15287416
  0.15274929
  0.15268989
  0.15270820
  0.15284064
  0.15344331
  0.15313966
  0.15293651
  0.15280957
  0.15275383
UPH=
 -2.64313556
  0.00000000
  0.00000000
  0.00000000
 -2.64282661
 -2.63630690
 -2.64243793
 -2.64595175
  0.00000000
  0.00000000
  0.00000000
 -2.64551378
 -2.64192248
 -2.63602453
 -2.60338727
 -2.62955191
 -2.64031508
 -2.64591918
 -2.64902746
 -2.65058378
 -2.65095813
 -2.65025685
 -2.64839974
 -2.64507638
 -2.63952715
 -2.62978988
 -2.60942710
  0.45944861
 -1.91976844
 -2.62841807
 -2.64399343
 -2.64973055
 -2.65255619
 -2.65387806
 -2.65412601
 -2.65340221
 -2.65159980
 -2.64831595
 -2.64236903
 -2.62911334
 -2.55467006
  0.43405741
  0.49236850
  0.48694348
  0.48065339
  0.43075053
 -2.64915209
 -2.65519998
 -2.65732382
 -2.65817454
 -2.65818267
 -2.65740004
 -2.65565809
 -2.65233924
 -2.64469192
 -2.57428999
  0.46830227
  0.48291104
  0.49081490
  0.49419454
  0.49121730
  0.48946985
  0.48999858
  0.51161034
 -2.67193180
 -2.66646579
 -2.66523526
 -2.66450625
 -2.66369071
 -2.66257173
 -2.66088718
 -2.64795907
  0.48285155
  0.48591980
  0.48926122
  0.49327608
  0.49409553
  0.49198621
  0.49098301
  0.49181349
  0.49745887
  0.54065566
 -2.70878654
 -2.68293034
 -2.67824084
 -2.67812780
 -2.68511398
  0.71456712
  0.49393456
  0.48880787
  0.48889130
  0.49065825
  0.49343202
  0.49606478
  0.49365371
  0.49193902
  0.49115753
  0.49180927
  0.49521196
  0.50610572
  0.50608937
  0.49294034
  0.48972998
  0.48957120
  0.49087655
  0.49311181
  0.49605630
  0.00000000
  0.49330907
  0.49177538
  0.49107613
  0.49161535
  0.49425824
  0.50122512
  0.50023013
  0.49238528
  0.48986420
  0.48969533
  0.49083040
  0.49282397
  0.49544375
  0.49526045
  0.49320520
  0.49172022
  0.49104223
  0.00000000
  0.00000000
  0.00000000
  0.49917969
  0.49223954
  0.48988106
  0.48971429
  0.49080639
  0.49273539
  0.49526780
  0.49553616
  0.49337711
  0.49182699
  0.49112412
  0.49168301
  0.49441080
  0.50171234
  0.50077656
  0.49250972
  0.48990540
  0.48972567
  0.49087145
  0.49288656
  0.49553864
  0.49626676
  0.49378769
  0.49203385
  0.49124201
  0.49194088
  0.49559344
  0.50794425
  0.50860587
  0.49324329
  0.48978798
  0.48961030
  0.49094568
  0.49323293
  0.49625385
  0.49428279
  0.49209187
  0.49105580
  0.49197350
  0.49848807
  0.57808160
 -2.69482188
 -2.67898863
 -2.67546466
 -2.67510790
 -2.67915888
 -2.79356201
  0.49472724
  0.48874132
  0.48885154
  0.49070770
  0.49359313
  0.49437206
  0.49120289
  0.48929333
  0.48977034
  0.54665431
 -2.66770082
 -2.66484910
 -2.66412156
 -2.66354994
 -2.66274265
 -2.66148794
 -2.65934289
 -2.64953609
  0.48089706
  0.48534549
  0.48910041
  0.49339617
  0.49219040
  0.48609113
  0.47792477
 -2.36599089
 -2.64888834
 -2.65457272
 -2.65676281
 -2.65767031
 -2.65771259
 -2.65694912
 -2.65522805
 -2.65199876
 -2.64503377
 -2.60822706
  0.46059850
  0.48140700
  0.49047009
  0.44720265
 -2.50942946
 -2.63040483
 -2.64395869
 -2.64945482
 -2.65224580
 -2.65357070
 -2.65382847
 -2.65311716
 -2.65133835
 -2.64812296
 -2.64243120
 -2.63054158
 -2.58272249
  0.40158199
 -2.60646321
 -2.62983649
 -2.64017295
 -2.64569452
 -2.64879129
 -2.65035138
 -2.65073130
 -2.65003509
 -2.64818589
 -2.64488636
 -2.63942217
 -2.63001857
 -2.61132893
 -2.63600564
 -2.64218851
 -2.64573570
 -2.64755743
 -2.64804581
 -2.64732249
 -2.64530933
 -2.64169339
 -2.63575618
 -2.64292896
 -2.64512563
 -2.64574094
 -2.64494254
 -2.64262691
Pany=
  0.92041954
  0.91233267
  0.92066522
  0.89406593
  0.87647112
  0.86883333
  0.88156551
  0.90165061
  0.98913428
  0.92528714
  0.88488959
  0.85908897
  0.84243698
  0.83247773
  0.82806513
  0.82873721
  0.83450913
  0.84587833
  0.86404576
  0.89150723
  0.93200969
  0.76662101
  0.07215143
  0.92106707
  0.86158228
  0.83275238
  0.81573794
  0.80583049
  0.80133969
  0.80162911
  0.80663520
  0.81682883
  0.83357391
  0.86044699
  0.85324867
  0.74738365
  0.89321153
  0.84488448
  0.79178920
  0.49474893
  0.86309499
  0.81417392
  0.79436264
  0.78382432
  0.77894792
  0.77862345
  0.78256560
  0.79103581
  0.80524025
  0.79718745
  0.81826387
  0.85681911
  0.89537556
  0.88581958
  0.84495546
  0.81132765
  0.77892340
  0.68831518
  0.80662288
  0.77515485
  0.76337083
  0.75781891
  0.75618200
  0.75719338
  0.75742199
  0.58789241
  0.81647456
  0.82854128
  0.85316493
  0.88738191
  0.87506214
  0.83751429
  0.80825884
  0.78516695
  0.76592512
  0.72207922
  0.72255858
  0.73227867
  0.72837080
  0.72202059
  0.70004144
  0.42881421
  0.80729648
  0.80577100
  0.82007978
  0.84359617
  0.87625535
  0.91327081
  0.86654226
  0.83084938
  0.80343438
  0.78268283
  0.76781739
  0.75845226
  0.80070793
  0.79158864
  0.79761158
  0.81277063
  0.83583450
  0.86753562
  0.91002759
  0.86152990
  0.82682078
  0.80029323
  0.78046643
  0.76671909
  0.75928843
  0.78715797
  0.78545172
  0.79316560
  0.80852360
  0.83129024
  0.86242697
  0.90409744
  0.90548779
  0.86035864
  0.82595507
  0.79973520
  0.78576088
  0.78471299
  0.79248002
  0.80771553
  0.83030553
  0.86123324
  0.90265135
  0.90878140
  0.86313461
  0.82840978
  0.80201517
  0.78252884
  0.76950818
  0.76370385
  0.79401755
  0.78925599
  0.79571956
  0.81049985
  0.83299979
  0.86405426
  0.90579195
  0.91698516
  0.86988361
  0.83416603
  0.80707758
  0.78718493
  0.77433220
  0.77050086
  0.82462487
  0.80134991
  0.80343382
  0.81704324
  0.83943809
  0.87092991
  0.91356135
  0.88042724
  0.84286397
  0.81430007
  0.79316857
  0.77979102
  0.74599720
  0.71142420
  0.72236896
  0.72019614
  0.71417168
  0.69399878
  0.33372602
  0.83655444
  0.81736001
  0.82752243
  0.84953255
  0.88172517
  0.89365781
  0.85281629
  0.82064385
  0.79310917
  0.70019114
  0.77820643
  0.76326752
  0.75512720
  0.75069555
  0.74895045
  0.74854360
  0.74446406
  0.65699155
  0.84746706
  0.84149452
  0.86228877
  0.89543104
  0.90361034
  0.85504438
  0.80235424
  0.22737918
  0.83244373
  0.80240408
  0.78695409
  0.77804044
  0.77373988
  0.77333238
  0.77647911
  0.78284174
  0.79086461
  0.76698942
  0.84044051
  0.86999844
  0.90621947
  0.74470063
  0.74880145
  0.89297807
  0.85064330
  0.82635856
  0.81113899
  0.80203577
  0.79784999
  0.79808907
  0.80266536
  0.81182856
  0.82621120
  0.84651130
  0.84317999
  0.68190284
  0.96861195
  0.91634136
  0.88002022
  0.85587180
  0.83999371
  0.83040923
  0.82614323
  0.82678939
  0.83235260
  0.84324492
  0.86042413
  0.88568300
  0.92070007
  0.91975646
  0.89344782
  0.87599539
  0.86548270
  0.86091123
  0.86187090
  0.86841072
  0.88105287
  0.90095612
  0.92203673
  0.90997093
  0.90481002
  0.90605227
  0.91376925
