F=
6.19486e+13  
Pall=
200  
Zmax=
5396.26980646  
Umean=
  1.71349625  
UMAp=
  2.03251699  
yeta=
  0.84304154
bwx=
  1.25000000  
bwy=
  1.75000000  
bwzx=
  9.00000000  
XPos=
-1.000000  
YPos=
0.000000
ZxPos=
110.000000  
UA=
  0.15863926
  0.00000000
  0.00000000
  0.00000000
  0.14953550
  0.15570520
  0.15671648
  0.15863926
  0.00000000
  0.00000000
  0.00000000
  0.14953550
  0.15112815
  0.15202602
  0.15452531
  0.15503655
  0.15570520
  0.15671648
  0.15863926
  0.16462146
  0.07596218
  0.14536805
  0.14953550
  0.15112815
  0.15202602
  0.15264453
  0.15313151
  0.15408933
  0.15452531
  0.15503655
  0.15570520
  0.15671648
  0.15863926
  0.16462146
  0.07596218
  0.14536805
  0.14953550
  0.15112815
  0.15202602
  0.15264453
  0.15313151
  0.15355683
  0.15368160
  0.15408933
  0.15452531
  0.15503655
  0.15570520
  0.15671648
  0.15863926
  0.16462146
  0.07596218
  0.14536804
  0.14953550
  0.15112815
  0.15202602
  0.15264453
  0.15313151
  0.15355683
  0.15396325
  0.15368160
  0.15408933
  0.15452531
  0.15503655
  0.15570520
  0.15671649
  0.15863926
  0.16462146
  0.07596218
  0.14536804
  0.14953550
  0.15112815
  0.15202602
  0.15264453
  0.15313151
  0.15355683
  0.15396325
  0.15368160
  0.15408933
  0.15452531
  0.15503655
  0.15570520
  0.15671649
  0.15863926
  0.16462146
  0.07596218
  0.14536804
  0.14953550
  0.15112815
  0.15202602
  0.15264453
  0.15313151
  0.15355683
  0.15396325
  0.15326600
  0.15368160
  0.15408933
  0.15452531
  0.15503655
  0.15570520
  0.15671649
  0.15112815
  0.15202602
  0.15264453
  0.15313151
  0.15355683
  0.15396325
  0.15438640
  0.00000000
  0.15368160
  0.15408933
  0.15452531
  0.15503655
  0.15570520
  0.15671649
  0.15112815
  0.15202602
  0.15264453
  0.15313151
  0.15355683
  0.15396325
  0.15438640
  0.15326600
  0.15368160
  0.15408933
  0.15452531
  0.00000000
  0.00000000
  0.00000000
  0.15112815
  0.15202602
  0.15264453
  0.15313151
  0.15355683
  0.15396325
  0.15438640
  0.15326600
  0.15368160
  0.15408933
  0.15452531
  0.15503655
  0.15570520
  0.15671649
  0.15112815
  0.15202602
  0.15264453
  0.15313151
  0.15355683
  0.15396325
  0.15438640
  0.15326600
  0.15368160
  0.15408933
  0.15452531
  0.15503655
  0.15570520
  0.15671649
  0.15112815
  0.15202602
  0.15264453
  0.15313151
  0.15355683
  0.15396325
  0.15438640
  0.15368160
  0.15408933
  0.15452531
  0.15503655
  0.15570520
  0.15671649
  0.15863926
  0.16462146
  0.07596218
  0.14536804
  0.14953550
  0.15112815
  0.15202602
  0.15264453
  0.15313151
  0.15355683
  0.15396325
  0.15368160
  0.15408933
  0.15452531
  0.15503655
  0.15570520
  0.15671649
  0.15863926
  0.16462146
  0.07596218
  0.14536804
  0.14953550
  0.15112815
  0.15202602
  0.15264453
  0.15313151
  0.15355683
  0.15396325
  0.15368160
  0.15408933
  0.15452531
  0.15503655
  0.15570520
  0.15671648
  0.15863926
  0.16462146
  0.07596218
  0.14536804
  0.14953550
  0.15112815
  0.15202602
  0.15264453
  0.15313151
  0.15355683
  0.15396325
  0.15408933
  0.15452531
  0.15503655
  0.15570520
  0.15671648
  0.15863926
  0.16462146
  0.07596218
  0.14536805
  0.14953550
  0.15112815
  0.15202602
  0.15264453
  0.15313151
  0.15355683
  0.15452531
  0.15503655
  0.15570520
  0.15671648
  0.15863926
  0.16462146
  0.07596218
  0.14536805
  0.14953550
  0.15112815
  0.15202602
  0.15264453
  0.15313151
  0.15570520
  0.15671648
  0.15863926
  0.16462146
  0.07596218
  0.14536805
  0.14953550
  0.15112815
  0.15202602
  0.15863926
  0.16462146
  0.07596218
  0.14536805
  0.14953550
UPH=
 -1.82003934
  0.00000000
  0.00000000
  0.00000000
  1.32165111
 -1.81917297
 -1.81967383
 -1.82003579
  0.00000000
  0.00000000
  0.00000000
  1.32165443
  1.32199157
  1.32248313
 -1.81769849
 -1.81851785
 -1.81917036
 -1.81967064
 -1.82003213
 -1.82028552
  1.32278683
  1.32148919
  1.32165785
  1.32199459
  1.32248561
  1.32313584
  1.32395752
 -1.81669122
 -1.81769725
 -1.81851592
 -1.81916776
 -1.81966747
 -1.82002849
 -1.82028147
  1.32278683
  1.32149276
  1.32166125
  1.32199759
  1.32248808
  1.32313767
  1.32395867
  1.32497128
 -1.81546679
 -1.81669074
 -1.81769608
 -1.81851408
 -1.81916529
 -1.81966444
 -1.82002500
 -1.82027759
  1.32278683
  1.32149619
  1.32166451
  1.32200047
  1.32249043
  1.32313941
  1.32395975
  1.32497168
  1.32620745
 -1.81546696
 -1.81669030
 -1.81769503
 -1.81851241
 -1.81916304
 -1.81966168
 -1.82002181
 -1.82027404
  1.32278683
  1.32149932
  1.32166748
  1.32200309
  1.32249257
  1.32314098
  1.32396072
  1.32497205
  1.32620720
 -1.81546711
 -1.81668993
 -1.81769414
 -1.81851100
 -1.81916114
 -1.81965933
 -1.82001910
 -1.82027102
  1.32278683
  1.32150198
  1.32167002
  1.32200531
  1.32249438
  1.32314231
  1.32396154
  1.32497235
  1.32620700
 -1.81397564
 -1.81546722
 -1.81668966
 -1.81769346
 -1.81850993
 -1.81915969
 -1.81965754
  1.32200701
  1.32249576
  1.32314333
  1.32396216
  1.32497258
  1.32620684
  1.32771808
  0.00000000
 -1.81546728
 -1.81668948
 -1.81769304
 -1.81850925
 -1.81915878
 -1.81965641
  1.32200808
  1.32249663
  1.32314396
  1.32396255
  1.32497272
  1.32620674
  1.32771775
 -1.81397604
 -1.81546731
 -1.81668942
 -1.81769289
  0.00000000
  0.00000000
  0.00000000
  1.32200845
  1.32249692
  1.32314418
  1.32396269
  1.32497277
  1.32620671
  1.32771763
 -1.81397594
 -1.81546728
 -1.81668948
 -1.81769304
 -1.81850925
 -1.81915878
 -1.81965641
  1.32200808
  1.32249663
  1.32314396
  1.32396255
  1.32497272
  1.32620674
  1.32771775
 -1.81397564
 -1.81546722
 -1.81668966
 -1.81769346
 -1.81850993
 -1.81915969
 -1.81965754
  1.32200701
  1.32249576
  1.32314333
  1.32396216
  1.32497258
  1.32620684
  1.32771808
 -1.81546711
 -1.81668993
 -1.81769414
 -1.81851100
 -1.81916114
 -1.81965933
 -1.82001910
 -1.82027102
  1.32278683
  1.32150198
  1.32167002
  1.32200531
  1.32249438
  1.32314231
  1.32396154
  1.32497235
  1.32620700
 -1.81546696
 -1.81669030
 -1.81769503
 -1.81851241
 -1.81916304
 -1.81966168
 -1.82002181
 -1.82027404
  1.32278683
  1.32149932
  1.32166748
  1.32200309
  1.32249257
  1.32314098
  1.32396072
  1.32497205
  1.32620720
 -1.81546679
 -1.81669074
 -1.81769608
 -1.81851408
 -1.81916529
 -1.81966444
 -1.82002500
 -1.82027759
  1.32278683
  1.32149619
  1.32166451
  1.32200047
  1.32249043
  1.32313941
  1.32395975
  1.32497168
  1.32620745
 -1.81669122
 -1.81769725
 -1.81851592
 -1.81916776
 -1.81966747
 -1.82002849
 -1.82028147
  1.32278683
  1.32149276
  1.32166125
  1.32199759
  1.32248808
  1.32313767
  1.32395867
  1.32497128
 -1.81769849
 -1.81851785
 -1.81917036
 -1.81967064
 -1.82003213
 -1.82028552
  1.32278683
  1.32148919
  1.32165785
  1.32199459
  1.32248561
  1.32313584
  1.32395752
 -1.81917297
 -1.81967383
 -1.82003579
 -1.82028957
  1.32278683
  1.32148561
  1.32165443
  1.32199157
  1.32248313
 -1.82003934
 -1.82029351
  1.32278683
  1.32148214
  1.32165111
Pany=
  0.98553865
  0.87567094
  0.93504427
  0.92791166
  0.93740216
  0.83290070
  0.86291492
  0.89137776
  0.93508611
  0.91075469
  0.89555045
  0.89021104
  0.90032388
  0.96207508
  0.20432826
  0.75019464
  0.79995589
  0.82785509
  0.85372830
  0.88286786
  0.91829350
  0.92981712
  0.89955520
  0.87824685
  0.86509568
  0.86101067
  0.87152074
  0.93174553
  0.19791796
  0.72654464
  0.77436372
  0.80070009
  0.82469576
  0.85135540
  0.88340067
  0.92340165
  0.93658551
  0.89965995
  0.87246425
  0.85330492
  0.84162140
  0.83842924
  0.84919730
  0.90820914
  0.19294136
  0.70819173
  0.75452890
  0.77970041
  0.80231773
  0.82717717
  0.85679623
  0.89345255
  0.94002159
  0.91089788
  0.87705935
  0.85203441
  0.83440851
  0.82377618
  0.82122069
  0.83215724
  0.89022604
  0.18913777
  0.69416909
  0.73938845
  0.76369725
  0.78530588
  0.80885936
  0.83673328
  0.87100789
  0.91423972
  0.89232080
  0.86061473
  0.83710203
  0.82055036
  0.81065628
  0.80854611
  0.81959151
  0.87695558
  0.18633030
  0.68382121
  0.72822355
  0.75191047
  0.77279867
  0.79542554
  0.82206905
  0.85467672
  0.89559449
  0.91990713
  0.87972791
  0.84942023
  0.82690500
  0.81106463
  0.80166015
  0.79984435
  0.74381824
  0.76422266
  0.78623025
  0.81205515
  0.84355946
  0.88295540
  0.93340563
  0.87242391
  0.84291002
  0.82096308
  0.80552892
  0.79640433
  0.79475641
  0.73908669
  0.75921229
  0.78086405
  0.80621994
  0.83709417
  0.87562460
  0.92484776
  0.90871293
  0.87002946
  0.84077305
  0.81901077
  0.73752948
  0.75756396
  0.77909962
  0.80430269
  0.83497195
  0.87322136
  0.92204716
  0.91147303
  0.87242391
  0.84291002
  0.82096308
  0.80552892
  0.79640433
  0.79475641
  0.73908669
  0.75921229
  0.78086405
  0.80621994
  0.83709417
  0.87562460
  0.92484776
  0.91990713
  0.87972791
  0.84942023
  0.82690500
  0.81106463
  0.80166015
  0.79984435
  0.74381824
  0.76422266
  0.78623025
  0.81205515
  0.84355946
  0.88295540
  0.93340563
  0.89232080
  0.86061473
  0.83710203
  0.82055036
  0.81065628
  0.80854611
  0.81959151
  0.87695558
  0.18633030
  0.68382121
  0.72822355
  0.75191047
  0.77279867
  0.79542554
  0.82206905
  0.85467672
  0.89559449
  0.91089788
  0.87705935
  0.85203441
  0.83440851
  0.82377618
  0.82122069
  0.83215724
  0.89022604
  0.18913777
  0.69416909
  0.73938845
  0.76369725
  0.78530588
  0.80885936
  0.83673328
  0.87100789
  0.91423972
  0.93658551
  0.89965995
  0.87246425
  0.85330492
  0.84162140
  0.83842924
  0.84919730
  0.90820914
  0.19294136
  0.70819173
  0.75452890
  0.77970041
  0.80231773
  0.82717717
  0.85679623
  0.89345255
  0.94002159
  0.92981712
  0.89955520
  0.87824685
  0.86509568
  0.86101067
  0.87152074
  0.93174553
  0.19791796
  0.72654464
  0.77436372
  0.80070009
  0.82469576
  0.85135540
  0.88340067
  0.92340165
  0.93508611
  0.91075469
  0.89555045
  0.89021104
  0.90032388
  0.96207508
  0.20432826
  0.75019464
  0.79995589
  0.82785509
  0.85372830
  0.88286786
  0.91829350
  0.93504427
  0.92791166
  0.93740216
  1.00105218
  0.21256170
  0.78058771
  0.83290070
  0.86291492
  0.89137776
  0.98553865
  1.05153824
  0.22321834
  0.81995510
  0.87567094
