F=
7.04966e+13  
Pall=
200  
Zmax=
9498.77628336  
Umean=
  1.71698058  
UMAp=
  3.42469467  
yeta=
  0.50135289
bwx=
  1.75000000  
bwy=
  1.75000000  
bwzx=
  9.00000000  
XPos=
0.000000  
YPos=
0.000000
ZxPos=
110.000000  
UA=
  0.12564816
  0.00000000
  0.00000000
  0.00000000
  0.15319123
  0.09189212
  0.11984890
  0.13244665
  0.00000000
  0.00000000
  0.00000000
  0.15177998
  0.15460356
  0.15746013
  0.07405620
  0.08230947
  0.11440267
  0.12847414
  0.13653199
  0.14186427
  0.14574174
  0.14876344
  0.15125433
  0.15341485
  0.15539137
  0.15732777
  0.15945689
  0.13357048
  0.07103644
  0.10884740
  0.12475613
  0.13366061
  0.13944217
  0.14356346
  0.14669876
  0.14920162
  0.15127405
  0.15303712
  0.15456181
  0.15587798
  0.15695702
  0.15760592
  0.21368808
  0.05604223
  0.10268985
  0.12097730
  0.13093278
  0.13727989
  0.14173690
  0.14507980
  0.14770940
  0.14985164
  0.15164031
  0.15315384
  0.15443028
  0.15546631
  0.15619247
  0.15637978
  0.15523486
  0.03300551
  0.09520340
  0.11680169
  0.12811633
  0.13517451
  0.14005481
  0.14367051
  0.14648558
  0.14875935
  0.15064589
  0.15223889
  0.15359257
  0.15472951
  0.15563765
  0.15625080
  0.15638807
  0.15555183
  0.08500012
  0.11173692
  0.12494688
  0.13294432
  0.13836720
  0.14232823
  0.14537917
  0.14782409
  0.14984298
  0.15154710
  0.15300568
  0.15425871
  0.15532135
  0.15618096
  0.15678277
  0.15699061
  0.15647502
  0.06873553
  0.10484430
  0.12101332
  0.13036036
  0.13652207
  0.14093584
  0.14428752
  0.15510201
  0.15613469
  0.15699476
  0.15763936
  0.15796615
  0.15774455
  0.15641648
  0.00000000
  0.11548810
  0.12703473
  0.13430460
  0.13935740
  0.14311349
  0.14604718
  0.15609951
  0.15713687
  0.15803433
  0.15876029
  0.15923856
  0.15930204
  0.15857033
  0.10620493
  0.12212076
  0.13131401
  0.13737682
  0.00000000
  0.00000000
  0.00000000
  0.15724678
  0.15832022
  0.15928931
  0.16013392
  0.16080048
  0.16116860
  0.16096649
  0.11314855
  0.12658399
  0.13454784
  0.13989932
  0.14380146
  0.14681844
  0.14925796
  0.15855397
  0.15969620
  0.16077489
  0.16178327
  0.16269119
  0.16342089
  0.16378474
  0.11683426
  0.12965633
  0.13709719
  0.14206540
  0.14569281
  0.14851403
  0.15081608
  0.16004497
  0.16129428
  0.16253042
  0.16376467
  0.16499690
  0.16620100
  0.16728268
  0.13163710
  0.13915903
  0.14400383
  0.14748907
  0.15019132
  0.15240567
  0.15430103
  0.15598297
  0.15752279
  0.15897238
  0.16037269
  0.16175896
  0.16316453
  0.16462401
  0.16617639
  0.16786820
  0.16975554
  0.13244905
  0.14083142
  0.14581298
  0.14926932
  0.15191267
  0.15407745
  0.15594515
  0.15762623
  0.15919525
  0.16070829
  0.16221287
  0.16375478
  0.16538439
  0.16716414
  0.16918012
  0.17156285
  0.17452936
  0.13126781
  0.14212119
  0.14758605
  0.15112188
  0.15375186
  0.15589351
  0.15775513
  0.15945804
  0.16108376
  0.16269602
  0.16435337
  0.16611905
  0.16807193
  0.17032305
  0.17304605
  0.17654198
  0.18139879
  0.14285992
  0.14944571
  0.15317164
  0.15581118
  0.15793833
  0.15980484
  0.16154812
  0.16325993
  0.16501571
  0.16689174
  0.16898030
  0.17141017
  0.17438302
  0.17825051
  0.18370490
  0.15163895
  0.15564211
  0.15825492
  0.16033812
  0.16219983
  0.16399393
  0.16582360
  0.16778082
  0.16997017
  0.17253406
  0.17569367
  0.17983349
  0.18570829
  0.16138838
  0.16329868
  0.16509879
  0.16693569
  0.16891667
  0.17115478
  0.17380088
  0.17708851
  0.18142292
  0.16875173
  0.17057934
  0.17274278
  0.17537609
  0.17870887
UPH=
  3.02899572
  0.00000000
  0.00000000
  0.00000000
  3.04658123
  3.02646960
  3.04296223
  3.04832258
  0.00000000
  0.00000000
  0.00000000
  3.05617700
  3.05785440
  3.05992509
 -0.04633130
  3.05076601
  3.05573630
  3.05722677
  3.05812005
  3.05890913
  3.05976730
  3.06079543
  3.06208856
  3.06377667
  3.06608621
  3.06949447
  3.07526216
 -0.11915726
  3.08092985
  3.06836345
  3.06530520
  3.06407482
  3.06360854
  3.06361066
  3.06398337
  3.06470797
  3.06581621
  3.06739378
  3.06961244
  3.07281943
  3.07779910
  3.08673724
 -0.14616864
  3.12477412
  3.08194295
  3.07325434
  3.06962349
  3.06779123
  3.06687725
  3.06655616
  3.06669372
  3.06724302
  3.06821176
  3.06965817
  3.07170862
  3.07460924
  3.07886132
  3.08562365
  3.09826637
 -3.07560686
  3.09810493
  3.08176640
  3.07524404
  3.07186305
  3.06995126
  3.06890049
  3.06844581
  3.06846459
  3.06890719
  3.06977175
  3.07109932
  3.07298394
  3.07560378
  3.07929658
  3.08475425
  3.09361741
  3.12012107
  3.09181385
  3.08144939
  3.07617471
  3.07311064
  3.07125678
  3.07018100
  3.06967390
  3.06963091
  3.07000612
  3.07079383
  3.07202415
  3.07376923
  3.07616297
  3.07944664
  3.08407526
  3.09099655
 -3.12630503
  3.10525022
  3.08901031
  3.08115454
  3.07663681
  3.07383084
  3.07205940
  3.07261611
  3.07425320
  3.07647699
  3.07947081
  3.08356099
  3.08937049
  3.09823609
  0.00000000
  3.09947302
  3.08751808
  3.08092787
  3.07687158
  3.07424856
  3.07254786
  3.07298623
  3.07454629
  3.07665118
  3.07944972
  3.08319647
  3.08834989
  3.09581234
  3.11698328
  3.09683067
  3.08672863
  3.08078491
  0.00000000
  0.00000000
  0.00000000
  3.07320042
  3.07471246
  3.07674412
  3.07942508
  3.08297178
  3.08776032
  3.09449369
  3.11374452
  3.09584681
  3.08641978
  3.08072965
  3.07704158
  3.07457840
  3.07294583
  3.07329416
  3.07478545
  3.07678567
  3.07941667
  3.08287965
  3.08751884
  3.09396337
  3.11451829
  3.09610369
  3.08651372
  3.08075955
  3.07704300
  3.07456628
  3.07292718
  3.07327984
  3.07477673
  3.07678537
  3.07942953
  3.08291410
  3.08759094
  3.09410660
  3.09767685
  3.08701640
  3.08086589
  3.07698248
  3.07443126
  3.07275921
  3.07172547
  3.07119574
  3.07109568
  3.07138909
  3.07206796
  3.07314943
  3.07467820
  3.07673517
  3.07945607
  3.08306925
  3.08797609
  3.10123174
  3.08802440
  3.08103036
  3.07681757
  3.07412857
  3.07240004
  3.07134764
  3.07081846
  3.07073014
  3.07104362
  3.07175121
  3.07287315
  3.07446083
  3.07660789
  3.07947441
  3.08333797
  3.08870844
  3.10908776
  3.08981332
  3.08121526
  3.07645717
  3.07356547
  3.07176535
  3.07069707
  3.07017780
  3.07011310
  3.07046004
  3.07121183
  3.07239391
  3.07406863
  3.07635073
  3.07944212
  3.08370945
  3.08987384
  3.09320566
  3.08133498
  3.07571449
  3.07256598
  3.07070335
  3.06964264
  3.06915771
  3.06913865
  3.06953856
  3.07035309
  3.07161588
  3.07340599
  3.07587112
  3.07928207
  3.08416431
  3.08115454
  3.07417610
  3.07078701
  3.06894104
  3.06796079
  3.06756708
  3.06763586
  3.06811951
  3.06901978
  3.07038314
  3.07231323
  3.07500786
  3.07885113
  3.06749651
  3.06596280
  3.06526071
  3.06508780
  3.06532823
  3.06594764
  3.06696286
  3.06844057
  3.07051909
  3.06082191
  3.06117317
  3.06175927
  3.06260829
  3.06377568
Pany=
  0.61825070
  0.91900982
  0.32567355
  0.54268192
  0.65341122
  0.85809145
  0.90305923
  0.95624050
  0.21477077
  0.25670411
  0.48345511
  0.59826697
  0.66687786
  0.71446685
  0.75214495
  0.78564880
  0.81845172
  0.85309704
  0.89194411
  0.93787292
  0.99572393
  0.69867202
  0.19010386
  0.43289699
  0.55536910
  0.62630527
  0.67335585
  0.70861805
  0.73814768
  0.76537010
  0.79247446
  0.82105590
  0.85243698
  0.88780570
  0.92808994
  0.97274144
  1.81077412
  0.11900470
  0.38530395
  0.51956976
  0.59512378
  0.64335533
  0.67788045
  0.70538603
  0.72953608
  0.75255106
  0.77591934
  0.80074238
  0.82789534
  0.85804216
  0.89139174
  0.92660457
  0.95561333
  0.04201445
  0.33480251
  0.48680627
  0.56979617
  0.62085850
  0.65588331
  0.68252623
  0.70488315
  0.72535733
  0.74549024
  0.76636435
  0.78880736
  0.81348453
  0.84089128
  0.87116894
  0.90342287
  0.93320317
  0.27297089
  0.45254004
  0.54730571
  0.60336017
  0.64017217
  0.66689510
  0.68830434
  0.70712322
  0.72503915
  0.74319012
  0.76241466
  0.78338419
  0.80666429
  0.83270889
  0.86173921
  0.89332807
  0.92505451
  0.18501839
  0.40944377
  0.52389441
  0.58850140
  0.62891655
  0.65679065
  0.67800619
  0.78344944
  0.80608875
  0.83168257
  0.86056910
  0.89269997
  0.92685825
  0.95811430
  0.49267245
  0.57290289
  0.62016350
  0.65083816
  0.67280398
  0.69022555
  0.78851100
  0.81111714
  0.83698145
  0.86657900
  0.90018662
  0.93740336
  0.97565446
  0.43633939
  0.54937537
  0.61059856
  0.64731748
  0.79845819
  0.82159201
  0.84840608
  0.87954301
  0.91560533
  0.95686584
  1.00231902
  0.49676406
  0.59189048
  0.64267219
  0.67290789
  0.69301002
  0.70809020
  0.72090775
  0.81350257
  0.83775403
  0.86626221
  0.89989458
  0.93964571
  0.98650425
  1.04087608
  0.53455546
  0.62616973
  0.67241054
  0.69892893
  0.71624813
  0.72932152
  0.74074955
  0.83418076
  0.86024471
  0.89136711
  0.92874573
  0.97393282
  1.02889693
  1.09585801
  0.65468729
  0.70191805
  0.72698797
  0.74260308
  0.75425842
  0.76467637
  0.77537851
  0.78733411
  0.80126370
  0.81780176
  0.83760052
  0.86141435
  0.89018856
  0.92517399
  0.96809468
  1.02141092
  1.08874246
  0.67658700
  0.73262699
  0.75866543
  0.77348451
  0.78413525
  0.79379555
  0.80413288
  0.81617698
  0.83069893
  0.84840642
  0.87007093
  0.89664082
  0.92937725
  0.97005591
  1.02130761
  1.08725223
  1.17479723
  0.68331378
  0.76533378
  0.79586432
  0.81075713
  0.82063738
  0.82964653
  0.83975818
  0.85212986
  0.86762899
  0.88708825
  0.91147448
  0.94205428
  0.98062034
  1.02987119
  1.09413728
  1.18094376
  1.30488559
  0.79923257
  0.84138642
  0.85724537
  0.86627377
  0.87448885
  0.88437461
  0.89728051
  0.91421762
  0.93621370
  0.96455297
  1.00103978
  1.04840985
  1.11110936
  1.19698899
  1.32158117
  0.90047970
  0.91788326
  0.92512047
  0.93183105
  0.94119197
  0.95475426
  0.97370258
  0.99935708
  1.03352950
  1.07897981
  1.14023945
  1.22539013
  1.35056339
  1.00454748
  1.00749430
  1.01529539
  1.02939531
  1.05107870
  1.08208620
  1.12514518
  1.18483550
  1.26943434
  1.11518988
  1.12902878
  1.15434293
  1.19341898
  1.25067516
