F=
5.47292e+13  
Pall=
200  
Zmax=
10193.09194144  
Umean=
  1.70346995  
UMAp=
  2.11190344  
yeta=
  0.80660409
bwx=
  1.25000000  
bwy=
  1.25000000  
bwzx=
  9.00000000  
XPos=
0.000000  
YPos=
0.000000
ZxPos=
110.000000  
UA=
  0.16572016
  0.00000000
  0.00000000
  0.00000000
  0.16572016
  0.16321955
  0.15990151
  0.15765166
  0.00000000
  0.00000000
  0.00000000
  0.15765166
  0.15990151
  0.16321955
  0.16572016
  0.16036315
  0.15634649
  0.15342292
  0.15143228
  0.15027446
  0.14989438
  0.15027446
  0.15143228
  0.15342292
  0.15634649
  0.16036315
  0.16572016
  0.16572016
  0.15944384
  0.15465565
  0.15104337
  0.14840240
  0.14659861
  0.14554740
  0.14520199
  0.14554740
  0.14659861
  0.14840240
  0.15104337
  0.15465565
  0.15944384
  0.16572016
  0.16780558
  0.16036315
  0.15465565
  0.15027446
  0.14695410
  0.14451849
  0.14285108
  0.14187792
  0.14155792
  0.14187792
  0.14285108
  0.14451849
  0.14695410
  0.15027446
  0.15465565
  0.16036315
  0.16780558
  0.16321955
  0.15634649
  0.15104337
  0.14695410
  0.14384454
  0.14155792
  0.13998981
  0.13907359
  0.13877216
  0.13907359
  0.13998981
  0.14155792
  0.14384454
  0.14695410
  0.15104337
  0.15634649
  0.16321955
  0.15990151
  0.15342292
  0.14840240
  0.14451849
  0.14155792
  0.13937700
  0.13787949
  0.13700383
  0.13671563
  0.13700383
  0.13787949
  0.13937700
  0.14155792
  0.14451849
  0.14840240
  0.15342292
  0.15990151
  0.16572016
  0.15765166
  0.15143228
  0.14659861
  0.14285108
  0.13998981
  0.13787949
  0.13787949
  0.13998981
  0.14285108
  0.14659861
  0.15143228
  0.15765166
  0.16572016
  0.00000000
  0.15634649
  0.15027446
  0.14554740
  0.14187792
  0.13907359
  0.13700383
  0.13700383
  0.13907359
  0.14187792
  0.14554740
  0.15027446
  0.15634649
  0.16420614
  0.16371061
  0.15591859
  0.14989438
  0.14520199
  0.00000000
  0.00000000
  0.00000000
  0.13671563
  0.13877216
  0.14155792
  0.14520199
  0.14989438
  0.15591859
  0.16371061
  0.16420614
  0.15634649
  0.15027446
  0.14554740
  0.14187792
  0.13907359
  0.13700383
  0.13700383
  0.13907359
  0.14187792
  0.14554740
  0.15027446
  0.15634649
  0.16420614
  0.16572016
  0.15765166
  0.15143228
  0.14659861
  0.14285108
  0.13998981
  0.13787949
  0.13787949
  0.13998981
  0.14285108
  0.14659861
  0.15143228
  0.15765166
  0.16572016
  0.15990151
  0.15342292
  0.14840240
  0.14451849
  0.14155792
  0.13937700
  0.13787949
  0.13700383
  0.13671563
  0.13700383
  0.13787949
  0.13937700
  0.14155792
  0.14451849
  0.14840240
  0.15342292
  0.15990151
  0.16321955
  0.15634649
  0.15104337
  0.14695410
  0.14384454
  0.14155792
  0.13998981
  0.13907359
  0.13877216
  0.13907359
  0.13998981
  0.14155792
  0.14384454
  0.14695410
  0.15104337
  0.15634649
  0.16321955
  0.16780558
  0.16036315
  0.15465565
  0.15027446
  0.14695410
  0.14451849
  0.14285108
  0.14187792
  0.14155792
  0.14187792
  0.14285108
  0.14451849
  0.14695410
  0.15027446
  0.15465565
  0.16036315
  0.16780558
  0.16572016
  0.15944384
  0.15465565
  0.15104337
  0.14840240
  0.14659861
  0.14554740
  0.14520199
  0.14554740
  0.14659861
  0.14840240
  0.15104337
  0.15465565
  0.15944384
  0.16572016
  0.16572016
  0.16036315
  0.15634649
  0.15342292
  0.15143228
  0.15027446
  0.14989438
  0.15027446
  0.15143228
  0.15342292
  0.15634649
  0.16036315
  0.16572016
  0.16321955
  0.15990151
  0.15765166
  0.15634649
  0.15591859
  0.15634649
  0.15765166
  0.15990151
  0.16321955
  0.16572016
  0.16420614
  0.16371061
  0.16420614
  0.16572016
UPH=
  1.62806494
  0.00000000
  0.00000000
  0.00000000
  1.62806494
  1.62806494
  1.62806494
  1.62806494
  0.00000000
  0.00000000
  0.00000000
  1.62806494
  1.62806494
  1.62806494
  1.62806494
  1.62806494
  1.62806494
  1.62806494
  1.62806494
  1.62806494
  1.62806494
  1.62806494
  1.62806494
  1.62806494
  1.62806494
  1.62806494
  1.62806494
  1.62806494
  1.62806494
  1.62806494
  1.62806494
  1.62806494
  1.62806494
  1.62806494
  1.62806494
  1.62806494
  1.62806494
  1.62806494
  1.62806494
  1.62806494
  1.62806494
  1.62806494
  1.62806494
  1.62806494
  1.62806494
  1.62806494
  1.62806494
  1.62806494
  1.62806494
  1.62806494
  1.62806494
  1.62806494
  1.62806494
  1.62806494
  1.62806494
  1.62806494
  1.62806494
  1.62806494
  1.62806494
  1.62806494
  1.62806494
  1.62806494
  1.62806494
  1.62806494
  1.62806494
  1.62806494
  1.62806494
  1.62806494
  1.62806494
  1.62806494
  1.62806494
  1.62806494
  1.62806494
  1.62806494
  1.62806494
  1.62806494
  1.62806494
  1.62806494
  1.62806494
  1.62806494
  1.62806494
  1.62806494
  1.62806494
  1.62806494
  1.62806494
  1.62806494
  1.62806494
  1.62806494
  1.62806494
  1.62806494
  1.62806494
  1.62806494
  1.62806494
  1.62806494
  1.62806494
  1.62806494
  1.62806494
  1.62806494
  1.62806494
  1.62806494
  1.62806494
  1.62806494
  1.62806494
  1.62806494
  1.62806494
  1.62806494
  1.62806494
  0.00000000
  1.62806494
  1.62806494
  1.62806494
  1.62806494
  1.62806494
  1.62806494
  1.62806494
  1.62806494
  1.62806494
  1.62806494
  1.62806494
  1.62806494
  1.62806494
  1.62806494
  1.62806494
  1.62806494
  1.62806494
  0.00000000
  0.00000000
  0.00000000
  1.62806494
  1.62806494
  1.62806494
  1.62806494
  1.62806494
  1.62806494
  1.62806494
  1.62806494
  1.62806494
  1.62806494
  1.62806494
  1.62806494
  1.62806494
  1.62806494
  1.62806494
  1.62806494
  1.62806494
  1.62806494
  1.62806494
  1.62806494
  1.62806494
  1.62806494
  1.62806494
  1.62806494
  1.62806494
  1.62806494
  1.62806494
  1.62806494
  1.62806494
  1.62806494
  1.62806494
  1.62806494
  1.62806494
  1.62806494
  1.62806494
  1.62806494
  1.62806494
  1.62806494
  1.62806494
  1.62806494
  1.62806494
  1.62806494
  1.62806494
  1.62806494
  1.62806494
  1.62806494
  1.62806494
  1.62806494
  1.62806494
  1.62806494
  1.62806494
  1.62806494
  1.62806494
  1.62806494
  1.62806494
  1.62806494
  1.62806494
  1.62806494
  1.62806494
  1.62806494
  1.62806494
  1.62806494
  1.62806494
  1.62806494
  1.62806494
  1.62806494
  1.62806494
  1.62806494
  1.62806494
  1.62806494
  1.62806494
  1.62806494
  1.62806494
  1.62806494
  1.62806494
  1.62806494
  1.62806494
  1.62806494
  1.62806494
  1.62806494
  1.62806494
  1.62806494
  1.62806494
  1.62806494
  1.62806494
  1.62806494
  1.62806494
  1.62806494
  1.62806494
  1.62806494
  1.62806494
  1.62806494
  1.62806494
  1.62806494
  1.62806494
  1.62806494
  1.62806494
  1.62806494
  1.62806494
  1.62806494
  1.62806494
  1.62806494
  1.62806494
  1.62806494
  1.62806494
  1.62806494
  1.62806494
  1.62806494
  1.62806494
  1.62806494
  1.62806494
  1.62806494
  1.62806494
  1.62806494
  1.62806494
  1.62806494
  1.62806494
  1.62806494
  1.62806494
  1.62806494
  1.62806494
  1.62806494
  1.62806494
  1.62806494
  1.62806494
  1.62806494
  1.62806494
  1.62806494
Pany=
  1.07548173
  1.07548173
  1.02747267
  0.96601178
  0.92576705
  0.92576705
  0.96601178
  1.02747267
  1.07548186
  0.97441152
  0.90294254
  0.85318670
  0.82037865
  0.80168984
  0.79561745
  0.80168984
  0.82037865
  0.85318670
  0.90294254
  0.97441152
  1.07548186
  1.07548186
  0.95773216
  0.87393676
  0.81406904
  0.77207770
  0.74424526
  0.72833856
  0.72316189
  0.72833856
  0.74424526
  0.77207770
  0.81406904
  0.87393676
  0.95773216
  1.07548186
  1.11664848
  0.97441152
  0.87393676
  0.80168986
  0.74967663
  0.71299069
  0.68857988
  0.67459415
  0.67003716
  0.67459415
  0.68857988
  0.71299069
  0.74967663
  0.80168986
  0.87393676
  0.97441152
  1.11664848
  1.02747267
  0.90294254
  0.81406904
  0.74967663
  0.70305578
  0.67003716
  0.64800285
  0.63535540
  0.63123076
  0.63535540
  0.64800285
  0.67003716
  0.70305578
  0.74967663
  0.81406904
  0.90294254
  1.02747267
  0.96601178
  0.85318670
  0.77207770
  0.71299069
  0.67003716
  0.63952515
  0.61912090
  0.60739344
  0.60356635
  0.60739344
  0.61912090
  0.63952515
  0.67003716
  0.71299069
  0.77207770
  0.85318670
  0.96601178
  1.07548173
  0.92576705
  0.82037865
  0.74424526
  0.68857988
  0.64800285
  0.61912090
  0.61912090
  0.64800285
  0.68857988
  0.74424526
  0.82037865
  0.92576705
  1.07548173
  0.90294251
  0.80168984
  0.72833856
  0.67459415
  0.63535540
  0.60739344
  0.60739344
  0.63535540
  0.67459415
  0.72833856
  0.80168984
  0.90294251
  1.04623913
  1.03678506
  0.89554208
  0.79561745
  0.72316189
  0.60356635
  0.63123076
  0.67003716
  0.72316189
  0.79561745
  0.89554208
  1.03678506
  1.04623913
  0.90294251
  0.80168984
  0.72833856
  0.67459415
  0.63535540
  0.60739344
  0.60739344
  0.63535540
  0.67459415
  0.72833856
  0.80168984
  0.90294251
  1.04623913
  1.07548173
  0.92576705
  0.82037865
  0.74424526
  0.68857988
  0.64800285
  0.61912090
  0.61912090
  0.64800285
  0.68857988
  0.74424526
  0.82037865
  0.92576705
  1.07548173
  0.96601178
  0.85318670
  0.77207770
  0.71299069
  0.67003716
  0.63952515
  0.61912090
  0.60739344
  0.60356635
  0.60739344
  0.61912090
  0.63952515
  0.67003716
  0.71299069
  0.77207770
  0.85318670
  0.96601178
  1.02747267
  0.90294254
  0.81406904
  0.74967663
  0.70305578
  0.67003716
  0.64800285
  0.63535540
  0.63123076
  0.63535540
  0.64800285
  0.67003716
  0.70305578
  0.74967663
  0.81406904
  0.90294254
  1.02747267
  1.11664848
  0.97441152
  0.87393676
  0.80168986
  0.74967663
  0.71299069
  0.68857988
  0.67459415
  0.67003716
  0.67459415
  0.68857988
  0.71299069
  0.74967663
  0.80168986
  0.87393676
  0.97441152
  1.11664848
  1.07548186
  0.95773216
  0.87393676
  0.81406904
  0.77207770
  0.74424526
  0.72833856
  0.72316189
  0.72833856
  0.74424526
  0.77207770
  0.81406904
  0.87393676
  0.95773216
  1.07548186
  1.07548186
  0.97441152
  0.90294254
  0.85318670
  0.82037865
  0.80168984
  0.79561745
  0.80168984
  0.82037865
  0.85318670
  0.90294254
  0.97441152
  1.07548186
  1.02747267
  0.96601178
  0.92576705
  0.90294251
  0.89554208
  0.90294251
  0.92576705
  0.96601178
  1.02747267
  1.07548173
  1.04623913
  1.03678506
  1.04623913
  1.07548173
